3
15
4978 -7595 -4466 4902 4455 3661 -8339 0 0 0 0 0 0 0 0
4
1 4 0 0
8
-8088 -8360 -7804 0 0 0 798 0
8
-4958 -7836 213 0 0 0 3847 0  
9
-5658 -7548 -4039 0 0 0 -3111 0 0 
8   
-3488 -1081 -8488 0 0 -8264 -9584 0 
3
-4 -5 -2
1
2
15
4 8 0 6 1 9 0 -5 4 0 0 0 -3 0 10

1
1023
-31533 24039 33983 32605 -38165 34918 1341 23207 12046 -15758 27448 14408 -26655 -30767 7116 -239 -33756 -9136 4208 11177 15753 34006 -14731 19530 9794 -4655 23486 -14072 1969 19363 -49 -33212 3402 -6066 39393 -38411 -11148 37086 24796 -2750 17680 -31404 8010 -12622 14182 -24874 27139 20426 5990 -8653 -8397 18096 21706 -26776 -2374 27852 8569 17464 -26220 6890 -3173 13731 13678 -3418 4018 13072 -1829 -10778 10158 19320 -17175 24191 -15732 30835 -28431 38450 2314 38708 -24771 4656 -9945 6832 -17248 8113 -23591 20378 -4035 -18670 -2157 -33903 28221 -8978 -23819 1899 27604 20199 11323 22128 5773 17834 37800 28598 2025 -17932 -24214 13594 -19481 18100 12302 -4252 -17244 -1291 -1068 5509 3175 -28307 22239 -4508 -6976 16434 1590 -18755 3809 17771 -20504 27765 34322 -12828 9893 36447 -34994 7693 -18602 -36617 -13886 -2816 16977 6633 11636 25631 -1267 -9256 20692 -5983 36253 -16133 5711 -25155 19360 38735 -12369 -19050 16332 -12208 -4927 -7820 -24442 25747 19352 25451 22194 -19290 29497 -36408 -15907 -24389 37128 -2578 -21404 8764 -16947 -26319 39509 -36254 7698 -7886 23965 -26591 -36689 3325 8496 27295 -19373 21180 -24913 -27948 9713 -9355 37799 25417 12449 -23654 -33872 1946 16290 26573 -26091 -30229 -16004 28857 18535 7049 -37462 -25604 -32853 -33412 -37137 31113 16350 -33826 30790 -15154 33469 -28582 2379 4909 19822 -27908 35554 17622 37509 8003 -9680 -11 6301 2962 -13437 -23438 12733 -33089 -34581 -8731 13960 4309 -37983 -22540 10898 -35120 -31427 -12752 7407 -4285 -31554 876 7133 10825 -34215 -13044 -20731 -2308 930 13131 -34305 -12398 9472 -31651 30564 36035 -15089 3298 -37054 -9669 -9081 -26741 34640 -7064 -9281 5538 34169 35644 -10862 1576 -8641 -2415 -1196 -5155 -31590 -39058 -21847 24032 -1366 -24565 -2837 -39319 3037 2987 -30970 -6399 -977 -6058 -6749 38321 -19375 24170 7932 -24735 13459 -4997 -22844 7628 26999 6294 -30796 14711 -36121 8008 -30444 8642 8950 24061 29026 3936 39496 22541 4618 38885 -14472 13648 -7514 24551 3942 -17910 -20775 24567 -33740 27157 39833 19719 18513 13341 -12653 5512 15987 32903 -19777 -23781 912 26131 24861 6214 10192 13887 -29849 -33960 32780 -28879 -35075 -21692 -18879 33764 -788 25064 -24146 18437 9631 -17886 -38054 -34184 -1814 20459 19157 25533 22324 31497 -25211 -37453 -32284 -27947 -14969 -11071 18267 35223 -832 -15230 -38736 -8052 32243 2541 10256 -26635 -3695 -30532 38429 12159 -15743 8060 -9374 -13796 -29771 28812 3015 -14262 -29303 21691 -22765 -14514 -19409 -15049 -2461 5622 -29768 12159 845 9400 -6719 38461 -38652 -14475 1003 -32043 -1110 -6340 -22575 -2681 -34180 1683 1731 -3554 -15761 11960 21610 -16394 -5949 32307 -34702 11286 -22206 -14111 -7410 -28315 31511 2822 23844 28708 -27777 -22874 -16478 9923 2651 -19123 17880 -2107 14537 35306 -8436 -23291 33341 33295 -30493 13932 -38392 31117 -6110 -4341 23425 -812 3297 -2429 -18571 35887 9256 9292 -1290 -6899 34353 -32715 -33421 -22125 17208 -34418 -1248 31441 3475 9641 -16901 35039 26351 -23560 -15314 35858 -13276 -13706 26976 20614 -21695 -33247 16155 21603 4324 -6064 -26158 9932 -419 12552 -615 -6066 -23811 5964 -31839 33398 11546 -36735 -18809 11373 12906 4290 -37236 -743 -22918 -12549 -4884 3806 -29903 18444 20772 -11597 25197 -3073 6358 25873 30864 20200 -4195 26797 29105 35191 -19269 -34706 37507 25244 -4956 -34594 28509 16235 -26869 1415 -19475 -24104 -2975 -2393 3347 -11507 -2235 13444 -33063 -21462 -1801 -11514 15465 909 -25641 -37319 17462 10164 -14170 6567 -38293 6561 -31787 -4433 28157 3258 973 16666 15845 -29544 14434 -7277 -13648 -28541 30330 29699 36304 24448 39496 -36759 -37014 34047 -8273 -25197 -5043 -37562 13837 8771 12602 39667 -24662 -29338 -37419 19903 -37419 30738 19513 39906 7405 -4641 -29638 18191 28082 -3285 29650 -25236 -13586 25954 39212 22262 -14453 -1450 16310 -26374 13354 7619 -23936 23543 -23610 -14982 23210 28080 32032 25791 -35665 34613 16530 23849 34519 20287 -20792 -35118 -1522 3642 1597 24480 -25242 -15637 -33214 -26029 -33374 -7667 -31127 -20712 -37689 -21421 -16741 -21625 -37878 36001 39745 25333 -19567 31778 -32524 -15232 26391 -19642 -31383 20911 -39355 24177 -17855 35475 24171 23742 19955 38930 4457 26741 9253 -32565 15426 18126 -13277 17737 36706 -33666 -7536 -4820 -37665 -7790 -19487 -17232 -16012 -12010 7537 6731 8348 -27494 -12358 -34654 -6964 -33861 -39179 -22793 -13767 20777 12489 30691 -36130 18094 -5522 -24351 -3779 21202 -10262 29279 27536 22203 -15541 -13776 10765 -38675 8992 34753 25667 12881 37836 -5985 25388 -14521 35713 14776 27970 36535 31983 -25796 -26336 -39175 1247 13886 18919 35725 29535 11492 -26721 15626 37123 -39184 -2171 17935 23392 -31406 19260 -7616 -301 4927 -34734 -2465 -4706 -12994 -20634 27360 -38218 3689 -19753 -9883 17893 -6089 27294 -20860 4149 6214 11217 30037 14058 24497 5663 11182 -18335 -156 -10883 -34943 -35210 4729 -2559 4489 6008 39059 -1624 -2346 22417 -25905 -14986 -19449 17784 5261 -32979 32029 -4476 34315 7521 39674 36881 -21262 29711 10940 -36765 31726 -17878 21252 -8430 -32409 26309 -3640 -31328 20103 -2799 14680 -24486 35577 -27666 37932 6024 33701 14835 20160 -1038 21856 12189 34487 16172 -20290 -9487 13053 34801 16576 -16007 -5612 8302 -37533 -24359 39872 6410 -38050 -3768 15082 -21595 33433 -10238 -6080 -14638 38449 28204 -12261 32150 3039 -32101 27464 -15104 -23559 -21697 -2580 -3849 8816 6825 27304 21744 -12829 -18307 -9954 -10362 -2666 -10082 -7599 35636 -17498 -32517 -25958 -24065 33598 -35686 37650 32047 32518 -14611 -19451 31909 29640 -31987 -23195 -33919 -13683 -29423 38585 -8515 17403 25889 -26770 -35426 3934 39628 30564 -2380 25899 -17035 -6743 -31599 -9551 -36349 20689 20399 4317 18339 12446 -3165 80 -10653 25096 -10280 33712 -1746 -4198 16381 8831 -5613 -32133 -13766 16628 17449 -9192 -19437 -26571 -18627 18183 39328 -39310 7792 -32270 -8861 -32205 -15229 7890 12112 -538 16688 5299 39542 -33965 -9604 25614 39748 28650 17768 16129 -2519 8507 -19652 -19932 -14864 -5851 10876 -37949 7579 -11399 20234 6907 -10708 -11973 -29011 -23217 32174 -4240 24674 4287 35222 1362 -30414 -8884 -36250 36334 13083 -36502 -18664 -9149 -24021 18818 39359 -3672 38886 20847 -13171 -33886 22898 34408 31068 3132 37668 16712 -12489 5009 -10153 16038 -39230 10873 -19675 -7656 -27764 26263 -20187 12338 -21050 32896 -27812 286 -16253 -11833 -20896 19458 -19153 14342 36657 7677 -23191 19555 38437 4229 19040 -7543 -19059 2903 37467 10788 -21059 -5411 -18338